DSC_0001.JPG 1 428 296 150 172
DSC_0002.JPG 1 430 279 128 175
DSC_0003.JPG 1 307 402 130 168
DSC_0004.JPG 1 240 402 145 148
DSC_0005.JPG 1 438 273 150 199
DSC_0006.JPG 1 413 251 186 271
DSC_0007.JPG 1 572 235 204 313
DSC_0008.JPG 1 426 266 164 239
DSC_0009.JPG 1 407 245 159 221
DSC_0010.JPG 1 414 272 151 204
DSC_0011.JPG 1 443 275 140 203
DSC_0012.JPG 1 429 229 118 243
DSC_0014.JPG 1 444 270 126 177
DSC_0015.JPG 1 510 459 95 156
DSC_0016.JPG 1 456 302 111 134
DSC_0017.JPG 1 448 311 114 132
DSC_0018.JPG 1 448 286 99 149
DSC_0020.JPG 1 428 279 131 236
DSC_0021.JPG 1 429 265 140 232
DSC_0022.JPG 1 435 294 168 231
DSC_0023.JPG 1 410 275 174 234
DSC_0024.JPG 1 446 278 96 185
DSC_0025.JPG 1 441 272 161 203
DSC_0026.JPG 1 437 203 146 260
DSC_0028.JPG 1 425 275 162 183
DSC_0029.JPG 1 481 312 63 94
DSC_0030.JPG 1 449 294 127 160
DSC_0031.JPG 1 393 221 189 287
DSC_0032.JPG 1 389 253 153 276
DSC_0033.JPG 1 428 268 171 256
DSC_0034.JPG 1 414 262 159 236
DSC_0035.JPG 1 429 284 138 210
DSC_0036.JPG 1 438 272 136 205
DSC_0037.JPG 1 429 230 157 273
DSC_0038.JPG 1 582 245 182 290
DSC_0039.JPG 1 400 190 192 291
DSC_0040.JPG 1 428 202 197 288
DSC_0041.JPG 1 429 282 128 193
DSC_0042.JPG 1 462 282 125 175
DSC_0043.JPG 1 452 271 101 201
DSC_0044.JPG 1 452 280 103 189
DSC_0045.JPG 1 463 336 87 136
DSC_0046.JPG 1 476 324 87 137
DSC_0047.JPG 1 422 251 172 206
DSC_0048.JPG 1 426 281 168 214
DSC_0049.JPG 1 408 275 197 242
DSC_0050.JPG 1 408 267 212 274
DSC_0051.JPG 1 423 247 156 249
DSC_0052.JPG 1 412 246 162 246
DSC_0053.JPG 1 412 231 214 297
DSC_0055.JPG 1 330 358 158 302
DSC_0057.JPG 1 425 229 187 260
DSC_0119.JPG 1 449 278 136 169
DSC_0120.JPG 1 478 235 219 165
DSC_0121.JPG 1 442 285 170 173
DSC_0122.JPG 1 417 240 195 218
DSC_0123.JPG 1 473 254 188 205
DSC_0124.JPG 1 459 294 146 185
DSC_0125.JPG 1 399 286 143 191
DSC_0126.JPG 1 417 254 126 184
DSC_0127.JPG 1 384 252 252 257
DSC_0128.JPG 1 393 263 236 255
DSC_0129.JPG 1 427 277 221 241
DSC_0130.JPG 1 422 259 202 234
DSC_0133.JPG 1 442 308 118 145
DSC_0134.JPG 1 431 286 123 150
DSC_0139.JPG 1 406 283 215 201
DSC_0140.JPG 1 403 289 215 193
