DSC_0001.bmp 1 41 28 14 16
DSC_0002.bmp 1 41 27 12 17
DSC_0003.bmp 1 39 52 16 21
DSC_0004.bmp 1 23 39 14 14
DSC_0005.bmp 1 42 26 14 19
DSC_0006.bmp 1 40 24 18 26
DSC_0007.bmp 1 55 22 19 30
DSC_0008.bmp 1 41 25 16 23
DSC_0009.bmp 1 39 23 15 21
DSC_0010.bmp 1 40 26 14 19
DSC_0011.bmp 1 43 26 13 19
DSC_0012.bmp 1 41 22 11 23
DSC_0014.bmp 1 43 26 12 17
DSC_0015.bmp 1 49 44 9 15
DSC_0016.bmp 1 44 29 10 13
DSC_0017.bmp 1 43 30 11 12
DSC_0018.bmp 1 43 27 9 14
DSC_0020.bmp 1 41 27 12 23
DSC_0021.bmp 1 41 25 13 22
DSC_0022.bmp 1 42 28 16 22
DSC_0023.bmp 1 40 26 16 22
DSC_0024.bmp 1 43 27 9 18
DSC_0025.bmp 1 43 26 15 19
DSC_0026.bmp 1 42 19 14 25
DSC_0028.bmp 1 41 26 15 17
DSC_0029.bmp 1 46 30 6 9
DSC_0030.bmp 1 43 28 12 15
DSC_0031.bmp 1 38 21 18 28
DSC_0032.bmp 1 37 24 14 26
DSC_0033.bmp 1 41 26 16 25
DSC_0034.bmp 1 40 25 15 23
DSC_0035.bmp 1 41 27 13 20
DSC_0036.bmp 1 42 26 13 20
DSC_0037.bmp 1 41 22 15 26
DSC_0038.bmp 1 56 23 17 28
DSC_0039.bmp 1 39 18 18 28
DSC_0040.bmp 1 41 19 19 28
DSC_0041.bmp 1 41 27 12 18
DSC_0042.bmp 1 45 27 12 17
DSC_0043.bmp 1 44 26 9 19
DSC_0044.bmp 1 44 27 10 18
DSC_0045.bmp 1 45 32 8 13
DSC_0046.bmp 1 46 31 8 13
DSC_0047.bmp 1 41 24 16 20
DSC_0048.bmp 1 41 27 16 20
DSC_0049.bmp 1 39 26 19 23
DSC_0050.bmp 1 39 26 20 26
DSC_0051.bmp 1 41 24 15 24
DSC_0052.bmp 1 40 24 15 24
DSC_0053.bmp 1 40 22 20 29
DSC_0055.bmp 1 42 46 20 39
DSC_0057.bmp 1 41 22 18 25
DSC_0119.bmp 1 43 27 13 16
DSC_0120.bmp 1 46 22 21 16
DSC_0121.bmp 1 43 27 16 16
DSC_0122.bmp 1 40 23 19 21
DSC_0123.bmp 1 46 24 18 20
DSC_0124.bmp 1 44 28 14 18
DSC_0125.bmp 1 38 27 13 18
DSC_0126.bmp 1 40 24 12 17
DSC_0127.bmp 1 37 24 24 25
DSC_0128.bmp 1 38 25 23 24
DSC_0129.bmp 1 41 27 21 23
DSC_0130.bmp 1 41 25 19 22
DSC_0133.bmp 1 43 30 11 14
DSC_0134.bmp 1 42 27 12 14
DSC_0139.bmp 1 39 27 20 19
DSC_0140.bmp 1 39 28 20 18
