DSC_0001.bmp 1 311 395 131 233
DSC_0002.bmp 1 432 284 130 171
DSC_0003.bmp 1 406 335 166 119
DSC_0005.bmp 1 442 271 141 202
DSC_0006.bmp 1 416 265 174 252
DSC_0007.bmp 1 561 225 230 330
DSC_0008.bmp 1 420 262 166 244
DSC_0009.bmp 1 405 245 155 226
DSC_0010.bmp 1 418 273 148 205
DSC_0011.bmp 1 446 280 142 192
DSC_0012.bmp 1 418 228 136 268
DSC_0013.bmp 1 604 0 97 153
DSC_0014.bmp 1 437 269 133 178
DSC_0015.bmp 1 505 463 100 147
DSC_0016.bmp 1 458 298 108 132
DSC_0017.bmp 1 445 306 116 130
DSC_0018.bmp 1 449 292 99 136
DSC_0020.bmp 1 429 276 140 238
DSC_0021.bmp 1 406 266 172 248
DSC_0022.bmp 1 434 289 175 245
DSC_0023.bmp 1 399 264 189 245
DSC_0024.bmp 1 430 263 117 213
DSC_0025.bmp 1 417 262 210 216
DSC_0026.bmp 1 428 201 161 264
DSC_0028.bmp 1 424 277 166 177
DSC_0029.bmp 1 479 311 66 89
DSC_0030.bmp 1 453 292 124 160
DSC_0031.bmp 1 387 212 199 285
DSC_0032.bmp 1 385 247 164 277
DSC_0033.bmp 1 427 269 171 244
DSC_0034.bmp 1 408 255 166 245
DSC_0035.bmp 1 418 275 155 207
DSC_0036.bmp 1 428 266 157 218
DSC_0037.bmp 1 418 225 179 285
DSC_0038.bmp 1 582 245 189 296
DSC_0039.bmp 1 391 184 199 303
DSC_0040.bmp 1 427 203 200 282
DSC_0041.bmp 1 413 282 154 179
DSC_0042.bmp 1 450 282 142 174
DSC_0043.bmp 1 445 265 116 202
DSC_0044.bmp 1 441 268 124 204
DSC_0045.bmp 1 449 329 112 141
DSC_0046.bmp 1 463 316 104 145
DSC_0047.bmp 1 424 237 177 218
DSC_0048.bmp 1 427 277 167 224
DSC_0049.bmp 1 410 264 202 259
DSC_0050.bmp 1 413 272 209 267
DSC_0051.bmp 1 407 254 173 234
DSC_0052.bmp 1 398 238 199 266
DSC_0053.bmp 1 400 223 228 300
DSC_0055.bmp 1 359 266 304 174
DSC_0057.bmp 1 422 220 197 283
DSC_0119.bmp 1 425 265 170 192
DSC_0121.bmp 1 448 285 167 180
DSC_0122.bmp 1 425 253 182 210
DSC_0123.bmp 1 479 254 169 200
DSC_0124.bmp 1 452 296 163 186
DSC_0127.bmp 1 376 243 264 268
DSC_0128.bmp 1 370 255 259 258
DSC_0129.bmp 1 422 275 233 241
DSC_0130.bmp 1 401 249 234 253
DSC_0133.bmp 1 428 298 131 156
DSC_0134.bmp 1 427 278 138 152
DSC_0139.bmp 1 397 277 218 198
DSC_0140.bmp 1 399 279 230 204
